0 11,11,6,4,12,5,4,12,6,9
1 22,18,15,14,20,17,19,16,13,14
2 31,30,32,26,32,32,28,32,24,32
3 37,36,36,37,37,33,41,39,36,33
4 50,45,46,50,47,43,50,46,46,43
5 57,53,56,55,59,57,62,53,58,54
6 69,63,67,67,67,71,70,69,69,65
7 78,82,81,77,82,73,81,81,77,76
8 92,92,92,88,89,88,88,84,91,87
9 95,97,93,94,95,94,102,97,95,98
10 103,103,105,104,111,112,109,108,106,112
11 116,115,113,115,114,113,114,118,114,114
12 131,129,125,125,123,127,128,130,125,123
13 138,135,135,138,138,138,133,137,137,135
14 144,151,147,148,152,147,148,144,148,144
15 158,156,160,159,155,154,158,161,161,159
16 171,170,167,172,165,170,167,167,164,164
17 180,178,177,176,177,176,176,177,173,174
18 189,190,183,185,191,185,187,184,189,191
19 197,200,199,199,197,197,199,201,198,199
